111111111111111111111111111111111111111111111111111111111111111111111111111111111111111111111111111111111111111111111111111111111111111111111111111111111111111111111111111111111111111111111111111111111111111111111111111111111111111111111111111111111111111111111111111111111111111111111111111111111111

111111111111111111111111111111111111111111111111111111111111111111111111111111111111111111111111111111111111111111111111111111111111111111111111111111111111111111111111111111111111111111111111111111111111111111111111111111111111111111111111111111111111111111111111111111111111111111111111111111111111

111111111111111111111111111111111111111111111111111111111111111111111111111111111111111111111111111111111111111111111111111111111111111111111111111111111111111111111111111111111111111111111111111111111111111111111111111111111111111111111111111111111111111111111111111111111111111111111111111111111111

111111111111111111111111111111111111111111111111111111111111111111111111111111111111111111111111111111111111111111111111111111111111111111111111111111111111111111111111111111111111111111111111111111111111111111111111111111111111111111111111111111111111111111111111111111111111111111111111111111111111

111111111111111111111111111111111111111111111111111111111111111111111111111111111111111111111111111111111111111111111111111111111111111111111111111111111111111111111111111111111111111111111111111111111111111111111111111111111111111111111111111111111111111111111111111111111111111111111111111111111111

111111111111111111111111111111111111111111111111111111111111111111111111111111111111111111111111111111111111100000000000000000000000000000000000011111111111111111111111111111111111111111111111111111111111111111111111111111111111111111111111111111111111111111111111111111111111111111111111111111111111

111111111111111111111111111111111111111111111111111111111111111111111111111111111111111111111111111110000000000000000000000000000000000000000000000000001111111111111111111111111111111111111111111111111111111111111111111111111111111111111111111111111111111111111111111111111111111111111111111111111111

111111111111111111111111111111111111111111111111111111111111111111111111111111111111111111111111000001000000000000000000000000000000000000000000000000000000011111111111111111111111111111111111111111111111111111111111111111111111111111111111111111111111111111111111111111111111111111111111111111111111

111111111111111111111111111111111111111111111111111111111111111111111111111111111111111111100000100000100000000000000000000000000000000000000000000000000000000000111111111111111111111111111100000001111111111111111111111111111111111111111111111111111111111111111111111111111111111111111111111111111111

111111111111111111111111111111111111111111111111111111111111111111111111111111111111111000000000010000010000000000000000000000000000000000000000000000000000000000000011111111111111111111100000000000011111111111111111111111111111111111111111111111111111111111111111111111111111111111111111111111111111

111111111111111111111111111111111111111111111111111111111111111111111111111111111110000100000000001000001000000000000000000000000000000000000000000000000000000000000000000111111111111110000000000000000111111111111111111111111111111111111111111111111111111111111111111111111111111111111111111111111111

111111111111111111111111111111111111111111111111111111111111111111111111111111110001000010000000000100000100000000000000000000000000000000000000000000000000000000000000000000111111111100000000000000000011111111111111111111111111111111111111111111111111111111111111111111111111111111111111111111111111

111111111111111111111111111111111111111111111111111111111111111111111111111100001000100001000000000010000010000000000000000000000000000000000000000000000000000000000000000000000111110000000000000000000011111111111111111111111111111111111111111111111111111111111111111111111111111111111111111111111111

111111111111111111111111111111111111111111111111111111111111111111111111000010000100010000100000000001000001000000000111111111111111111111111111111111110000000000000000000000000000000000000000000000000001111111111111111111111111111111111111111111111111111111111111111111111111111111111111111111111111

111111111111111111111111111111111111111111111111111111111111111111111100000001000010001000010000000000100000111111111111111111111111111111111111111111111111111000000000000000000000000000000000000000000000111111111111111111111111111111111111111111111111111111111111111111111111111111111111111111111111

111111111111111111111111111111111111111111111111111111111111111111100010000000100001000100001000000000011111111111111111111111111111111111111111111111111111111111110000000000000000000000000000000000000001111111111111111111111111111111111111111111111111111111111111111111111111111111111111111111111111

111111111111111111111111111111111111111111111111111111111111111000010001000000010000100010000100000111111111111111111111111111111111111111111111111111111111110111111111100000000000000000000000000000000011111111111111111111111111111111111111111111111111111111111111111111111111111111111111111111111111

111111111111111111111111111111111111111111111111111111111111100000001000100000001000010001000011111111111111111111111111111111111111111111111111111111110000000111111111111110000000000000000000000000000111111111111111111111111111111111111111111111111111111111111111111111111111111111111111111111111111

111111111111111111111111111111111111111111111111111111111110010000000100010000000100001000111111111111111111111111111111111111111111111111111111100000000000000111111111111111111000000000000000000000000011111111111111111111111111111111111111111111111111111111111111111111111111111111111111111111111111

111111111111111111111111111111111111111111111111111111110001001000000010001000000010000111111111111111111111111111111111111111111111111111000000000000000000000111111111111111110000000000000000000000000000000011111111111111111111111111111111111111111111111111111111100000000000000111111111111111111111

111111111111111111111111111111111111111111111111111111001000100100000001000100000001111111111111111111111111111111111111111111111100000000000000000000000000000111111111111111100000000000000000000000000000000000001111111111111111111111111111111111111111111000000000000000000000000001111111111111111111

111111111111111111111111111111111111111111111111111000100100010010000000100010001111111111111111111111111111111111111111111100000000000000000000000000000000000111111111111111100000000001110000000000000000000000000000111111111111111111111111111111111110000000000000000000000000000000111111111111111111

111111111111111111111111111111111111111111111111000100010010001001000000010001111111111111111111111111111111111111111111111100000000000000000000000000000000000111111111111111100000000001111100000000000000000000000000000011111111111111111111111111111110000000000000000000000000000000011111111111111111

111111111111111111111111111111111111111111111100100010001001000100100000001111111111111111111111111111111111111111111111111100000000000000000000000000000000000111111111111111000000000011111111110000000000000000000000000000011111111111111111111111111110000000000000000000000000000000001111111111111111

111111111111111111111111111111111111111111110010010001000100100010010001111111111111111111111111111111111111111111111111111100000000000000000000000000000000000111111111111111000000000011111111111110000000000000000000000000000011111111111111111111111110000000000000000000000000000000001111111111111111

111111111111111111111111111111111111111111001001001000100010010001001111111111111111111111111111111111111111111111111111111100000000000000000000000000000000000111111111111111000000000011111111111111110000000000000000000000000000011111111111111111111110000000000000000000000000000000001111111111111111

111111111111111111111111111111111111111000100100100100010001001000111111111111110001111111111111111111111111111111111111111100000000000000000000000000000000001111111111111110000000000011111111111111111111000000000000000000000000000111111111111111111110000000000000000000000000000000000111111111111111

111111111111111111111111111111111111100100010010010010001000100111111111111111110000000111111111111111111111111111111111111100000000000000000000000000001111111111111111111110000000000011111111111111111100000000111110000000000000000000111111111111111110000000000000000000000000000000000111111111111111

111111111111111111111111111111111110010010001001001001000100011111111111111111100000000000001111111111111111111111111111111100000000000000000000000111111111111111111111111110000000000011111111111111111000000000111111111000000000000000000111111111111110000000000000111111110000000000000111111111111111

111111111111111111111111111111111001001001000100100100100011111111111111111111100000000000001111111111111111111111111111111100000000000000000000000111111111111111111111111110000000000011111111111111110000000000111111111111100000000000000011111111111110000000000001111111111000000000000111111111111111

111111111111111111111111111111000100100100100010010010011111111111111111111111100000000000001111111111111111111111111111111100000001111000000000000111111111111111111111111110000000000011111111111111100000000000111111111111111100000000000000011111111110000000000001111111111000000000000111111111111111

111111111111111111111111111100100010010010010001001001111111111111111111111111000000000000001111111111111111111111111111111101111111111000000000000111111111111111111111111110000000000001111111111111100000000000111111111111111111110000000000000011111110000000000001111111111000000000000111111111111111

111111111111111111111111110010010001001001001000100111111111111111111111111111000000000000011111111111111111111111111111111111111111111000000000000111111111111111111111111110000000000001111111111111110000000000111111111111111111111110000000000000111110000000000001111111111000000000000111111111111111

111111111111111111111111001001001000100100100100011111111111111111111111111110000000000000011111111111111111111111111111111111111111111000000000000111111111111111111111111110000000000001111111111111110000000000111111111111111111111111100000000000001110000000000001111111110000000000001111111111111111

111111111111111111111100100100100100010010010011111111111111111111111111111110000000000000111111111111111111111111111111111111111111111000000000000111111111111111111111111110000000000000111111111111110000000000111111111111111111111111111100000000000000000000000001111111110000000000001111111111111111

111111111111111111100010010010010010001001001111111111111111111111111111111100000000000000111111111111111111111111111111111111111111111000000000000111111111111111111111111110000000000000111111111111110000000001111111111111111111111111111111100000000000000000000001111111000000000000001111111111111111

111111111111111111000001001001001001000100111111111111111111111111111111111100000000000001111111111111111111111111111111111111111111111000000000000111111111111111111111111111000000000000011111111111100000000001111111111111111111111111111111111100000000000000000001110000000000000000011111111111111111

111111111111111100100000100100100100100011111111111111111111111111111111111000000000000001111111111111111111111111111111111111111111111000000000000111111111111111111111111111000000000000011111111111100000000001111111111111111111111111111111111110000000000000000000000000000000000000011111111111111111

111111111111100010010000010010010010011111111111111111111111111111111111111000000000000001111111111111111111111111111111111111111111111000000000000111111111111111111111111111000000000000001111111111100000000001111111111111111111111111111111111111110000000000000000000000000000000000111111111111111111

111111111110010001001000001001001001111111111111111111111111111111111111111000000000000011111111111111111111111111111111111111111111111000000000000111111111111111111111111111100000000000000111111111000000000011111111111111111111111111111111111111111100000000000000000000000000000001111111111111111111

111111111101001000100100000100100111111111111111111111111111111111111111110000000000000011111111111111111111111111111111111111111111111000000000000111111111111111111111111111100000000000000011111100000000000011111111111111111111111111111111111111111100000000000000000000000000000011111111111111111111

111111100010100100010010000010011111111111111111111111111111111111111111110000000000000111111111111111111111111111111111111111111111110000000000000111111111111111111111111111100000000000000000100000000000000111111111111111111111111111111111111111111100000000000000000000000000000111111111111111111111

111110010001010010001001000001111111111111111111111111111111111111111111100000000000000111111111111111111111111111111111111111111111111000000000000111111111111111111111111111110000000000000000000000000000001111111111111111111111111111111111111111111100000000000000000000000000011111111111111111111111

111001001000101001000100100111111111111111111111111111111111111111111111100000000000001111111111111111111111111111111111111111111111110000000000000111111111111111111111111111110000000000000000000000000000001111111111111111111111111111111111111111111100000000000000000000000001111111111111111111111111

100100100100010100100010011111111111111111111111111111111111111111111111000000000000001111111111111111111111111111111111111111111111110000000000000111111111111111111111111111111000000000000000000000000000011111111111111111111111111111111111111111111100000000000000000000000111111111111111111111111111

110010010010001010010001111111111111111111111111111111111111111111111111000000000000011111111111111111111111111111111111111111111111110000000000000111111111111111111111111111111100000000000000000000000000111111111111111111111111111111111111111111111100000000000000000000000011111111111111111111111111

111001001001000101001111111111111111111111111111111111111111111111111110000000000000011111111111111111111111111111111111111111111111110000000000000111111111111111111111111111111100000000000000000000000001111111111111111111111111111111111111111111111100000000000011110000000000011111111111111111111111

111100100100100010111111111111111111111111111111111111111111111111111110000000000000111111111111111111111111111111111111111111111111110000000000000111111111111111111111111111111110000000000000000000000011111111111111111111111111111111111111111111111100000000000011111100000000000111111111111111111111

111110010010010001111111111111111111111111111111111111111111111111111110000000000000111111111111111111111111111111111111111111111111110000000000000111111111111111111111111111111111000000000000000000001111111111111111111111111111111111111111111111111100000000000011111111100000000000111111111111111111

111111001001001111111111111111111111111111111111111111111111111111111100000000000000111111111111111111111111111111111111111111111111110000000000000111111111111111111111111111111111100000000000000000011111111111111111111111111111111111111111111111111100000000000011111111110000000000011111111111111111

111111100100111111111111111111111111111111111111111111111111111111111100000000000001111111111111111111111111111111111111111111111111110000000000000111111111111111111111111111111111111000000000000001111111111111111111111111111111111111111111111111111100000000000011111111111110000000000011111111111111

111111110011111111111111111111111111111111111111111111111111111111111000000000000001111111111111111111111111111111111111111111111111110000000000001111111111111111111111111111111111111110000000000111111111111111111111111111111111111111111111111111111100000000000011111111111111100000000000011111111111

111111111111111111111111111111111111111111111111111111111111111111111000000000000011111111111111111111111111111111111111111111111111110000000000001111111111111111111111111111111111111111111111111111111111111111111111111111111111111111111111111111111000000000000011111111111111111100000000000111111111

111111111111111111111111111111111111111111111111111111111111111111110000000000000011111111111111111111111111111111111111111111111111110000000000001111111111111111111111111111111111111111111111111111111111111111111111111111111111111111111111111111111000000000000011111111111111111110000000000000111111

111111111111111111111111111111111111111111111111111111111111111111110000000000000111111111111111111111111111111111111111111111111111110000000000001111111111111111111111111111111111111111111111111111111111111111111111111111111111111111111111111111111000000000000011111111111111111111110000000000000111

111111111111111111111111111111111111111111111111111111111111111111100000000000000111111111111111111111111111111111111111111111111111110000000000001111111111111111111111111111111111111111111111111111111111111111111111111111111111111111111111111111111000000000000011111111111111111111111100000000000000

111111111111111111111111111111111111111111111111111111111111111111100000000000000000111111111111111111111111111111111111111111111111110000000000001111111111111111111111111111111111111111111111111111111111111111111111111111111111111111111111111111111000000000000111111111111111111111111111000000000000

111111111111111111111111111111111111111111111111111111111111111111000000000000000000000011111111111111111111111111111111111111111111110000011111111111111111111111111111111111111111111111111111111111111111111111111111111111111111111111111111111111111000000000000111111111111111111111111111110000000000

111111111111111111111111111111111111111111111111111111111111111111000000000000000000000000001111111111111111111111111111111111111111111111111111111111111111111111111111111111111111111111111111111111111111111111111111111111111111111111111111111111111000000000111111111111111111111111111111111110000000

111111111111111111111111111111111111111111111111111111111111111111000000000000000000000000000000111111111111111111111111111111111111111111111111111111111111111111111111111111111111111111111111111111111111111111111111111111111111111111111111111111111000111111111111111111111111111111111111111111110000

111111111111111111111111111111111111111111111111111111111111111110000000000000000000000000000000011111111111111111111111111111111111111111111111111111111111111111111111111111111111111111111111111111111111111111111111111111111111111111111111111111111111111111111111111111111111111111111111111111111100

111111111111111111111111111111111111111111111111111111111111111111100000000000000000000000000000011111111111111111111111111111111111111111111111111111111111111111111111111111111111111111111111111111111111111111111111111111111111111111111111111111111111111111111111111111111111111111111111111111111111

111111111111111111111111111111111111111111111111111111111111111111111110000000000000000000000000111111111111111111111111111111111111111111111111111111111111111111111111111111111111111111111111111111111111111111111111111111111111111111111111111111111111111111111111111111111111111111111111111111111111

111111111111111111111111111111111111111111111111111111111111111111111111111000000000000000000000111111111111111111111111111111111111111111111111111111111111111111111111111111111111111111111111111111111111111111111111111111111111111111111111111111111111111111111111111111111111111111111111111111111111

111111111111111111111111111111111111111111111111111111111111111111111111111111100000000000000000111111111111111111111111111111111111111111111111111111111111111111111111111111111111111111111111111111111111111111111111111111111111111111111111111111111111111111111111111111111111111111111111111111111111

111111111111111111111111111111111111111111111111111111111111111111111111111111111110000000000001111111111111111111111111111111111111111111111111111111111111111111111111111111111111111111111111111111111111111111111111111111111111111111111111111111111111111111111111111111111111111111111111111111111111

111111111111111111111111111111111111111111111111111111111111111111111111111111111111111000000001111111111111111111111111111111111111111111111111111111111111111111111111111111111111111111111111111111111111111111111111111111111111111111111111111111111111111111111111111111111111111111111111111111111111

111111111111111111111111111111111111111111111111111111111111111111111111111111111111111111100011111111111111111111111111111111111111111111111111111111111111111111111111111111111111111111111111111111111111111111111111111111111111111111111111111111111111111111111111111111111111111111111111111111111111

111111111111111111111111111111111111111111111111111111111111111111111111111111111111111111111111111111111111111111111111111111111111111111111111111111111111111111111111111111111111111111111111111111111111111111111111111111111111111111111111111111111111111111111111111111111111111111111111111111111111

111111111111111111111111111111111111111111111111111111111111111111111111111111111111111111111111111111111111111111111111111111111111111111111111111111111111111111111111111111111111111111111111111111111111111111111111111111111111111111111111111111111111111111111111111111111111111111111111111111111111

111111111111111111111111111111111111111111111111111111111111111111111111111111111111111111111111111111111111111111111111111111111111111111111111111111111111111111111111111111111111111111111111111111111111111111111111111111111111111111111111111111111111111111111111111111111111111111111111111111111111

111111111111111111111111111111111111111111111111111111111111111111111111111111111111111111111111111111111111111111111111111111111111111111111111111111111111111111111111111111111111111111111111111111111111111111111111111111111111111111111111111111111111111111111111111111111111111111111111111111111111

111111111111111111111111111111111111111111111111111111111111111111111111111111111111111111111111111111111111111111111111111111111111111111111111111111111111111111111111111111111111111111111111111111111111111111111111111111111111111111111111111111111111111111111111111111111111111111111111111111111111

111111111111111111111111111111111111111111111111111111111111111111111111111111111111111111111111111111111111111111111111111111111111111111111111111111111111111111111111111111111111111111111111111111111111111111111111111111111111111111111111111111111111111111111111111111111111111111111111111111111111

111111111111111111111111111111111111111111111111111111111111111111111111111111111111111111111111111111111111111111111111111111111111111111111111111111111111111111111111111111111111111111111111111111111111111111111111111111111111111111111111111111111111111111111111111111111111111111111111111111111111

111111111111111111111111111111111111111111111111111111111111111111111111111111111111111111111111111111111111111111111111111111111111111111111111111111111111111111111111111111111111111111111111111111111111111111111111111111111111111111111111111111111111111111111111111111111111111111111111111111111111

111111111111111111111111111111111111111111111111111111111111111111111111111111111111111111111111111111111111111111111111111111111111111111111111111111111111111111111111111111111111111111111111111111111111111111111111111111111111111111111111111111111111111111111111111111111111111111111111111111111111

111111111111111111111111111111111111111111111111111111111111111111111111111111111111111111111111111111111111111111111111111111111111111111111111111111111111111111111111111111111111111111111111111111111111111111111111111111111111111111111111111111111111111111111111111111111111111111111111111111111111

111111111111111111111111111111111111111111111111111111111111111111111111111111111111111111111111111111111111111111111111111111111111111111111111111111111111111111111111111111111111111111111111111111111111111111111111111111111111111111111111111111111111111111111111111111111111111111111111111111111111

111111111111111111111111111111111111111111111111111111111111111111111111111111111111111111111111111111111111111111111111111111111111111111111111111111111111111111111111111111111111111111111111111111111111111111111111111111111111111111111111111111111111111111111111111111111111111111111111111111111111

